Informed; 4 4 4

1  2  3  4
5  6  7  8
9  10 11 12
13 14 15 0

1  0  3  4
5  2  7  8
9  6  10 11
13 14 15 12

Informed; 4 4 4 

15 14 13 12
11 10 9  8
7  6  5  4
3  2  1  0

11  5  2  1
14  8 10  0
15  4 13  6
9  12  3  7







Informed; 3 3 3

1  2  3
4  5  6
7  8  0

1  2  3
4  5  6
0  7  8


Uniform; BFS 3 3

1  2  3
4  5  6
7  8  0

1  2  3
4  5  6
0  7  8






4 4 1

1  2  3  4
5  6  7  8
9  10 11 12
13 14 15 -1



1  -1 3  4
5  2  7  8
9  6 10 11
13 14 15 12




3 3 1

1  2  3
4  5  6
7  8 -1


1  2  3
-1 4 5
7  8 6




